start_link:
  cm: [-0.000297002857922682, 0.0964721185617698, -0.000361033370053684]
  mass: 1.88031044620482
  I: [0.00503302470272442, 0.000343817346410954, -4.74990755448368E-06,
      0.00337962410057753, -2.3099255620051E-05, 0.00405858207282473]
  mesh_name: start_link

fork_link:
  joint:
    origin: [0.00000, 0.00000, 0.13300, 0.0, 0.0, 0.0]
    limit: [-3.14159, 3.14159]
    max_effort: 78
    max_velocity: 0.52
    type: revolute
    axis: [0, 0, 1]
  joint_base:
    origin: [0.00000, 0.00000, 0.17833, 0.0, 0.0, 0.0]
    limit: [-3.14159, 3.14159]
    max_effort: 78
    max_velocity: 0.52
    type: revolute
    axis: [0, 0, 1]
  link:
    cm: [-9.7531539777207E-06, -0.000888494418875867, 0.0342332199538358, 0.0, 0.0, 0.0]
    mass: 1.88031044620482
    I: [0.00147695259043549, -2.66894744420299E-05, -4.40871314563273E-05, 0.00135500487881796, -3.19001462979333E-05, 0.00087582892706912]
    mesh_name: fork_link

main_link:
  joint:
    origin: [0.10000, 0.00000, 0.09400, 0.0, 0.0, 0.0]
    limit: [-1.5708, 3.14159]
    max_effort: 78
    max_velocity: 0.52
    type: revolute
    axis: [0, 1, 0]
  link:
    cm: [-9.7531539777207E-06, -0.000888494418875867, 0.0342332199538358, 0.0, 0.0, 0.0]
    mass: 1.88031044620482
    I: [0.00147695259043549, -2.66894744420299E-05, -4.40871314563273E-05, 0.00135500487881796, -3.19001462979333E-05, 0.00087582892706912]
    mesh_name: main_link

ee_link:
  joint:
    origin: [0.10000, 0.00000, 0.09400, 0.0, 0.0, 0.0]
    limit: [-1.5708, 3.14159]
    max_effort: 78
    max_velocity: 0.52
    type: revolute
    axis: [0, 1, 0]
  link:
    cm: [-9.7531539777207E-06, -0.000888494418875867, 0.0342332199538358, 0.0, 0.0, 0.0]
    mass: 1.88031044620482
    I: [0.00147695259043549, -2.66894744420299E-05, -4.40871314563273E-05, 0.00135500487881796, -3.19001462979333E-05, 0.00087582892706912]
    mesh_name: ee_link

